69201810162123001947,
69201810162123001947,
69201810162123001947,
69201810162123001947,
93201810171106351971,
30201810171102111966,
60201810171054061965,
61201810171049001956,
69201810162123001947,
69201810162123001947,
69201810162123001947,
69201810162123001947,
69201810162123001947,
69201810162123001947,
69201810162123001947,
69201810162123001947,
69201810162123001947,
69201810162123001947,
69201810162123001947,
69201810162123001947,
69201810162123001947,
69201810162123001947,
69201810162123001947,
69201810162123001947,
50201810152212421485,
69201810162123001947,
69201810162123001947,
69201810162123001947,
69201810162123001947,
69201810162123001947,
65201810162118491946,
49201810162047531943,
21201810162043121940,
66201810161940581937,
66201810161940581937,
66201810161940581937,
66201810161940581937,
66201810161940581937,
66201810161940581937,
50201810152212421485,
66201810161940581937,
66201810161940581937,
66201810161940581937,
66201810161940581937,
66201810161940581936,
46201810161937091935,
66201810161940581936,
46201810161937091935,
46201810161937091935,
66201810161940581936