17610300666
,17610300777
,17610300899
,13022345678
,13012345678
,普兰超市注册pc
,拉萨超市注册pc
,15200009061
,15200002286
,15200007705
,15200000168
,15200004945
,15200007773
,17000009155
,17000006624
,17000006591
,15200009866
,15500005717
,13100007598
,15200007189
,15200001290
,15500003301
,17000007442
,15500007449
,13100007266
,15500009358
,15500005481
,15500001063
,13100000419
,15500002789
,17000006626
,15500002699
,15500000925
,15500004878
,15500007232
,15500000285
,17000002464
,17000002582
,15500005373
,17000005040
,17000000247
,13100005995
,15200007731
,xzzn037
,15200007636
,cs1012
,17000005899
,15200008913
,15200003896
,xz10
,xz09
,xz08
,xz07
,xz06
,xz05
,xz04
,xz03
,xz02
,xz01
,15200009697
,cj1201
,15530000001
,zhtx120502
,17000004001
,15200004463
,15200004756
,15200001230
,15200004932
,13100003290
,xzsuper
,mysuper
,17000004114
,15200004471
,15200004964
,wjbang
,15200008009
,15200006162
,15200003900
,15200003523
,15200005718
,15200006840
,15200009503
,15200003488
,15200000590
,15200001614
,15200007181
,15200001172
,15200005865
,15200004639
,15200009081
,15200009455
,15200009075
,15200006422
,15200006024
,13100000014
,xzzn036
,测试何金悦01
,zhtx112102
,15510000110
,15200004951
,15200001127
,15510001118
,zhtx111602
,15200007618
,15200005881
,rosatest5
,rosatest6
,wk12
,maqian2
,wk10
,maqian1
,rosatest4
,rosatest3
,rosatest2
,rosatest1
,15200009180
,rosa2
,rosa1
,临城超市
,15200000522
,15200007685
,cstest1
,15200000311
,15200008901
,15200001676
,15200003336
,15200008910
,利客隆超市168
,利客隆超市111
,15200008208
,15200006395
,15200002593
,15200005933
,15200007211
,15200009109
,li螃蟹的超市
,13100000013
,15200005499
,15200001491
,15200001604
,yangchen0098
,15200009040
,13400000048
,zhtx000l
,15200005811
,15200007602
,15200007202
,15200004399
,布达拉宫超市
,拉萨超市
,收银机超市
,13100000012
,xzzn033
,15200008726
,15200001384
,15200003410
,测试超市1102
,测试超市1101
,xzrosa
,15200004773
,hzxtest01
,15510000067
,zhtx6006
,13811111115
,13811111114
,zhtx0000k
,15510000089
,zhtx6001
,13100000011
,15200008563
,15200003446
,15200002041
,15510000098
,15200000778
,15200001784
,15200009387
,晨晨便利
,西超金悦
,zh1
,zh88
,唐长虹_西藏测试
,zhtx0000g
,xzzn031
,15200009316
,15200005979
,15200002102
,15200005914
,15200001487
,15200008419
,15200007336
,15200007839
,15200009802
,15200001035
,15200002459
,15200006069
,15200007199
,15200007712
,15200007359
,15200008810
,15200008362